.Random.seed <-
c(403L, 90L, 858911802L, -1648004484L, -582912819L, 1873301056L, 
190548577L, -1920725556L, 1196473482L, 1143725852L, 681515013L, 
2114948111L, 562707136L, -879477832L, -852089447L, -582427935L, 
1751395960L, -1112986100L, -150360146L, 1159128566L, 610644591L, 
466210637L, 1418046340L, 103154937L, 753914294L, -984338934L, 
2140300412L, -1449646627L, 735751390L, 1100363554L, 782493195L, 
-686367120L, 1395348655L, -668618110L, -48072659L, 842874904L, 
-459762492L, 478641844L, -1965884165L, -604341815L, 1150732696L, 
776593634L, -1438522856L, -1967403716L, 868608546L, 130274782L, 
913707237L, 578130218L, 1392706927L, 1044183514L, -477543849L, 
809424677L, -970628932L, -1556963561L, 1138214321L, -1857098890L, 
1056928610L, 90134870L, 836672890L, -532334851L, -1082100987L, 
-1026669051L, 1066805625L, -220676602L, -108907906L, 2007872364L, 
-1451079415L, -193883456L, -1544909618L, -1116251807L, 1132232012L, 
924240251L, 1768748734L, -1749270691L, 2020028181L, -500367631L, 
389590401L, -370543469L, -1080043227L, -700559754L, -620154838L, 
319581822L, 951287177L, 187559765L, -1246297391L, -1634425991L, 
-1441598838L, 698670864L, 2140529074L, 1205360419L, -1430659561L, 
555625028L, 1649694285L, 1153861112L, 530131595L, 799191670L, 
-1418316683L, 1049800229L, 1335227195L, -416879284L, 1514709234L, 
840829295L, 1656012098L, 1101082285L, -1354784853L, 849256945L, 
-785627493L, -24649223L, 1899247425L, -131769429L, 11055456L, 
386789369L, -1272794845L, -328255173L, -2018065029L, 1667596425L, 
-78230088L, -810884082L, 1190178607L, 1264890106L, 1526810151L, 
407520698L, -1530273510L, 1018150441L, -2098651804L, 1924081085L, 
-2099573210L, -1102277214L, -1684814420L, 1844150370L, -1354933137L, 
-401491878L, -290342263L, 1534161936L, 1304227907L, -910226851L, 
2115782116L, 145671648L, 432656574L, 504015313L, -189777022L, 
-1689998428L, 1391413515L, -353858018L, -469634696L, -529933453L, 
523119600L, -2000536976L, 1843700956L, 235805653L, -590530189L, 
-114463077L, -1595552321L, 143493289L, 1990940548L, -1175963432L, 
-607640878L, 1221189324L, 1270936947L, -753610696L, -470056582L, 
1597274887L, -1248153207L, 1365038334L, -1656313053L, 1059077269L, 
-278339220L, 336125523L, -2042439347L, 1334716904L, 781878422L, 
-1831665695L, 607940433L, 371816059L, -521183604L, 692935023L, 
499541611L, -278423617L, 332795056L, 318206877L, -705352747L, 
-1163564952L, 997537661L, 1420221485L, 504300105L, -394588749L, 
127638897L, 775069725L, -1261765827L, 3246825L, 429594551L, -922433892L, 
-986902771L, 2104950744L, -1654469232L, -1895592748L, -113474854L, 
2015341850L, 924039953L, -1814990996L, 1388885625L, 1826089070L, 
-1571500751L, 558655209L, -1803521632L, -1490612863L, -888496586L, 
1520251579L, -850206140L, 1651224636L, 1415011396L, -1792487682L, 
945782861L, 1830095052L, 42017729L, 380098227L, 1452783064L, 
-1675454655L, 1128969985L, -1971314489L, 1968817991L, -56811951L, 
-1635604174L, 28493139L, 1518236374L, -2005016091L, 1226811887L, 
2144862131L, 2098467932L, -2126859324L, -448167522L, -658185270L, 
1718862136L, -1752008419L, 1906781945L, 1946632370L, -239205438L, 
1190567798L, 1714819054L, -1891243086L, -1214683335L, 74918614L, 
-1241051137L, -404406433L, 1403400399L, 1010335064L, 82493610L, 
-2054796158L, 1489182481L, 950966414L, 1849312532L, 1705938096L, 
1459135959L, 295098051L, 1875334251L, -939299231L, -34424509L, 
-1450931065L, -418583345L, -441995410L, 1238050104L, 1171486703L, 
1012270644L, -154011135L, -1446250200L, -1367696745L, -490601740L, 
1548670512L, 693033284L, -1803683794L, 1410766092L, -1456230398L, 
810031539L, -315437544L, 1170546497L, 653442422L, 494984718L, 
-443971442L, 363905210L, 1367541324L, -1407341139L, 259048313L, 
1324269510L, 554697600L, 552816660L, 303441012L, 593147431L, 
1486095541L, -1496269843L, 1565034494L, -553576651L, -1188678239L, 
630862572L, 597623038L, 1078177178L, 46403567L, -1767493534L, 
-1713933777L, 623920644L, -2121300820L, 1422996263L, -41689112L, 
-1906196129L, 1405047122L, -1370385147L, -444912805L, 1445873177L, 
762083862L, -842126712L, 997179763L, -1640286634L, 637629295L, 
1394294255L, -905496844L, 1737018872L, -1723887752L, -1707351075L, 
-983548132L, 160544650L, -2033093189L, 1727659111L, 138653419L, 
-304748656L, -980970033L, 1033699430L, -100281446L, -369982869L, 
-1201837445L, 825517470L, 1661193755L, 257917946L, 799009344L, 
-1220181358L, -367770462L, -1683294525L, -1185002257L, 1672959463L, 
-1188805095L, 357848286L, -1039631498L, 213338857L, -1602239802L, 
457842427L, 1462079174L, 1758815371L, -646321435L, 1186196457L, 
1729465159L, -1442213273L, -205804746L, -1672055136L, -1482311075L, 
908491629L, -105732626L, 888490105L, 1037717137L, 315037065L, 
1014296684L, 1420166181L, 426292311L, -1325168956L, 915369381L, 
1122054777L, -778899221L, 883982999L, -1829348061L, -222780934L, 
1825857514L, -1386647647L, 388116997L, -1420770421L, -1259696147L, 
1797562295L, 380782270L, 1835913800L, 1015556783L, -900264173L, 
-675895469L, 1128445097L, 1304533692L, 1305472579L, -1422782718L, 
-97696405L, 125374508L, -2010050173L, 1265696680L, 1504796343L, 
983376828L, 1863962322L, 718761360L, -1097185290L, -923442336L, 
709206034L, -2110449910L, 1022436698L, 1768557234L, -98301594L, 
-1236015128L, -364728538L, -1485773762L, -1314271523L, -1069670265L, 
105115182L, -545079018L, 871334478L, 349918159L, 1143365411L, 
-278375777L, -1808166681L, -1426700007L, -1349400790L, 1669887611L, 
1383811382L, -308799188L, 1531314377L, -756982741L, 742203890L, 
445102882L, 1025386736L, -765158029L, -133939568L, 1902364975L, 
850990932L, -419942607L, 416742463L, 1769194781L, 1264954465L, 
1569846869L, -1357248264L, 709939881L, -1923902442L, -636419861L, 
-1994742748L, 606173535L, -1116239658L, 2042133665L, 1092911672L, 
1309851994L, 480905672L, 705343637L, 1685760144L, 1428837552L, 
249692548L, 210803970L, 1801018886L, -217855270L, -1373189659L, 
-39550131L, 56401030L, 457468818L, -1353163254L, 1959784259L, 
688210585L, -317370245L, -1082424773L, -2142110132L, 1941645553L, 
-1145240771L, 1618993388L, -1154410055L, -116604692L, -399465658L, 
546884507L, -43209878L, 513414975L, -930827878L, 1033491760L, 
1041170807L, 1239075293L, 1216671257L, 578703572L, -781163640L, 
1193089062L, -1851129359L, 645220778L, 2002077933L, -209754837L, 
-1929906112L, 1034838475L, -1259273153L, 123869455L, 1846315535L, 
411017354L, 1579221011L, -538161858L, -1155361545L, 388965070L, 
1361824782L, -606159731L, -892137022L, 1478704768L, -149388412L, 
-1158177935L, 617564047L, 908809217L, 1511469605L, 376708013L, 
672192851L, 1855587887L, -76381153L, -1624697449L, -1651735300L, 
-1996637856L, 1099892246L, -1241461383L, -235330386L, -2028209124L, 
-1791028811L, 248094242L, 1394236809L, 1247654816L, 1767029295L, 
1723615474L, 1685291397L, 1832541198L, 26995412L, -1854892138L, 
731532498L, 811712149L, -310391489L, -846719377L, -861953715L, 
655645264L, -191774098L, 746021609L, 1652218703L, -571379254L, 
1580039460L, 1860837334L, -1814855924L, -912394301L, -2130470248L, 
-1277129552L, 1848084805L, 1372956850L, -1816597202L, -660561497L, 
1874363830L, 2116219485L, 427090011L, 617740281L, -2003771724L, 
444383548L, 668654855L, 1218834135L, -1472702825L, 1933644489L, 
866396283L, -538792403L, 226393931L, 1764286399L, 76383584L, 
-1208457915L, 1656231302L, -458685984L, 2092880205L, 28844802L, 
-109656575L, -794835036L, -2049171365L, 259551653L, 2103560395L, 
-381184064L, 667324032L, -476552603L, 2058421805L, 969388391L, 
573841500L, 1803139699L, 826231794L, 1876783368L, 826244413L, 
-870498872L, -2025632568L, -1167804766L, -363008750L, -526103193L, 
-873602585L, 348095452L, -551208023L, -571767087L, -334787801L, 
-649102060L, 332411342L, -940889577L, 1376153501L, 1791238365L, 
-222008546L, 841858877L, 1436179095L, 81403300L, 614504947L, 
88286187L, 1590628323L, 1219891450L, 1331477139L, -1301700624L, 
-1954318922L, 1058017865L, 538185613L, 1139698052L, 358668318L, 
757180933L, 1001076553L, -2057875758L, 19290207L, 1947347509L, 
